500
-0.243009666323154	0.0826973703512845
0.0781046009891798	-0.111273968507191
-0.274838551269728	-0.00134799977466946
0.208260021343166	0.137108301215255
-0.192302214569173	-0.0182578752320651
-0.165678508182227	0.250778276242437
-0.371118903795646	-0.125600489778270
0.246147532599865	0.156648640423888
-0.181220627210047	-0.230207096595501
-0.0810213208133322	-0.276546029785764
-0.382442535969972	0.0786813663592006
0.0529842105760870	0.190866309996412
-0.0887415749208819	0.0556636975724118
-0.0220654025093136	0.345695250260420
0.246156995123162	-0.0806785266151888
-0.308575511342816	-0.163506249673056
0.254886183329858	0.135170365742960
-0.0280381035128582	-0.252946674564223
0.408453564270576	0.456096359429206
-0.0811919088540507	-0.116600974228522
0.236871454537140	-0.210447114982790
-0.257078394512515	0.138955022213221
0.108132936793811	-0.171151414061035
0.218786586658901	0.181263231004744
-0.202245075179077	0.253847591018345
0.0775913691185233	-0.275984954225661
0.406762621633847	0.407700225443957
0.00539029642215015	0.105942782599158
0.226531160516980	-0.156795967606506
0.121822100180246	-0.141801808000094
-0.252808042342290	0.00407850962703041
-0.219612111227587	0.0436388615877742
0.355308658924182	-0.218670707615279
-0.143171076631231	0.0596884127564497
-0.403444524441532	-0.0616898582192359
-0.270283361852668	-0.207756861792543
-0.000341347766371883	-0.195019987077551
-0.276815095912384	-0.272134116026492
0.200639812159386	-0.136524246266973
0.0338296141256788	0.144631896847442
-0.133121841365656	-0.140043616941535
0.00377299667886983	0.0384608678071141
-0.0766314850689975	0.107586149144181
0.0383082025140654	-0.129305252849489
0.252953639956110	0.273794046368357
-0.244804953924957	0.120861232386770
-0.264927245697190	0.0586469797636031
-0.117297210526717	-0.0775239668963156
0.100144786074825	-0.274832584600974
-0.0892768432886869	-0.236066855588849
0.172199955071701	-0.367844141902674
-0.0761815409162916	0.182403702480500
-0.201403171092757	-0.171297322336891
-0.0894078013314314	-0.189888621641473
0.253598703865939	-0.325412571241064
0.129541369932891	0.166820590292355
0.0612813642113439	-0.266652783024954
-0.171188891838055	-0.208871036337008
0.0592840906046169	0.145932773519146
-0.0926481441115667	0.183968724313006
-0.273390726689637	-0.221586183038970
-0.252149457899781	-0.0527494741209049
0.216880651364233	0.0505602837885275
0.291948013349933	-0.00510470761669805
0.284971961915414	0.353854580300555
0.188964509919045	0.293307791684658
0.0981860442340536	0.190608704483093
-0.253807950900755	-0.344313027759418
-0.137167017466457	-0.104337873401048
-0.290776698723493	-0.188935172210112
-0.103453465050074	-0.257463135070275
0.151968240119381	-0.135898077385326
-0.171082991651714	0.382910304783157
-0.381983273549549	-0.0431412831946534
-0.254376830998708	-0.162123189192042
0.183341201432541	0.223841223329053
-0.172270812551169	0.356893088251332
-0.207910512191291	0.00321790183366329
-0.103714707260002	0.403928891001429
0.0706565672557423	0.240029400747879
-0.153426321824679	0.0115668889484908
0.0639156098501199	-0.0755851627135900
0.0937939725175651	0.0814212851967870
0.377583625190041	-0.202355379516196
0.154267513479194	-0.111805730335338
-0.247611200638836	0.191484842433714
0.113161148672390	-0.162122282707576
-0.206679859251709	-0.242827019938827
0.216318460641705	0.211778487318047
0.0945110088797997	-0.356385533416587
-0.251400690244075	0.174251702208850
0.114602707716562	-0.0189321546790282
-0.0287172947279885	-0.0506089303787027
-0.236370504812424	-0.0775519794913694
0.124539136676605	-0.146252209801536
0.0892848898542836	-0.0247268848435984
0.167128322943632	-0.133674074824321
-0.0891340873403226	-0.101678073029024
0.228475666958298	0.322190291928024
-0.316777804878846	-0.00493268647878599
-0.275494965602339	0.0791203408465352
0.207039010771729	0.0974950171492780
-0.102053377778914	-0.173289055130589
0.463365966313059	-0.0842282271616954
0.0513215050408509	0.0566972387580418
-0.204081274494166	-0.100517347398486
-0.0977163130748622	0.0703486160936244
-0.00757472258338592	-0.304429518184036
-0.121559924769903	0.00848968342194213
0.164710031774561	0.0244618231895724
-0.203287938588858	0.377051624578019
-0.177938083718103	0.257226324653397
0.130520497316307	-0.0445163491153754
0.0918270612203847	-0.109505584347650
0.145309806615560	-0.356213598433039
-0.314632065747229	-0.140497443922147
-0.0948849014929700	0.000660461141012012
0.0990041027520470	-0.304806941153313
-0.183245775293937	-0.167907507608712
-0.232137890447515	0.0958663616557437
0.226996980949884	0.310023432150287
0.220472375963916	0.229543469527196
0.351185516382759	-0.146189132008800
-0.258338491388350	-0.318494377890441
0.0806694286894467	-0.152684628732649
0.0565690133341922	0.126396237570906
0.271627542706419	0.0343884344739132
0.124780929749616	-0.106122941557272
-0.338808449698020	-0.0986806139527738
0.207793463832051	0.0535517826331017
-0.0117999050678963	0.187919575790893
-0.00536021260883270	0.133366092151515
0.0135384290666432	-0.315138436637616
-0.115062742351014	-0.266046236860496
-0.0962805605321952	-0.238419707844105
-0.190720919787876	-0.152357818422283
-0.298306559345724	0.301801646698793
0.178371177896856	0.193722092695687
-0.314897854720591	0.00186648836313099
0.311332447709739	-0.0185493582959841
-0.234748275198862	-0.258557755036538
-0.0621121517290387	-0.0470896545156651
-0.119236638484158	-0.169282630311848
0.102997332084390	-0.0838959102023568
-0.00705271520113473	-0.324535889366690
-0.331962074415276	0.161723467963055
-0.394891571188105	-0.157914919817828
-0.0677740574104231	0.109266802620600
-0.0155344864986763	0.0893123629338599
0.294971398344511	0.0156947505071193
-0.200853731515515	0.0639190182817345
0.124217342754249	0.215612710132746
0.160369697616299	0.419420956736035
-0.363488058387649	0.345037464039797
0.188908485221369	-0.427234127564915
-0.0215522992257804	-0.339617833985634
-0.346494123683464	0.377120425099864
-0.0362851731269986	-0.102810819079156
-0.0714732301121425	0.0466915405693225
0.247740282322758	0.0467634901408801
-0.126728484819818	-0.0446112152616390
0.154854315909896	0.0199149839535175
0.331556092511610	-0.107739745394717
0.337005917442926	0.278146436818359
-0.140736657740372	0.0381173048016483
-0.0986524416322327	-0.228768543877540
-0.441355479686475	0.200263085418798
-0.0578189870955754	-0.277376254406603
0.273435787309686	-0.197545820280507
0.182760860324795	-0.213866654565657
-0.222182346699938	-0.0541977389615263
0.280208400304998	0.0855980211092994
-0.337848904421196	0.431816420094543
0.146073014939654	-0.122842226797238
0.00432281708655060	-0.116307176309511
0.206172624032875	0.106576512163986
0.222080864345673	0.155503509830283
0.256091761725474	-0.119896163807228
0.0882959015755457	-0.258798991686840
-0.195498751199903	0.0247650337135769
0.349151263946460	-0.195536649291709
-0.108386446344645	-0.0352747942625905
-0.226436543757662	-0.274877276889214
-0.126499934477587	0.398117345310011
-0.0470428549702659	-0.259817085734582
0.182970126606748	0.0196904702682492
0.238817215593150	0.175398389081946
-0.251694091094002	-0.115294628361189
0.234970536227348	0.0725338454342019
-0.228913493869965	-0.235907769637170
-0.185883823190921	-0.299612853289730
-0.446477062371777	-0.385825499197807
-0.0623067193725738	0.206887088098726
0.0950274208408219	0.167485314272819
0.212902913324864	-0.132963303569464
0.0160697973765858	0.224574113617607
0.0553578497115165	0.344031778957250
-0.00478433068799768	-0.350619214134354
0.220204640923950	0.0830018257086097
0.281742643891675	0.227652785657826
0.0737848657822991	-0.342124496449575
0.0120443505400515	-0.308667256035064
-0.126900745092944	0.0834774688414833
-0.243767923079889	0.0993704237478851
0.0882697779272075	-0.260644892399926
-0.200580414240268	0.266952743053095
-0.324297644442181	-0.343573050468410
-0.321595986378161	-0.397118001292776
0.161492428774273	0.0682313848856350
-0.231474200938980	0.208390331049777
-0.0967883278316202	-0.0345617825788874
0.226966677256793	0.324323060038856
0.252975328139008	0.214160587693164
-0.266948537287424	-0.203038671411835
0.0358632207398657	-0.219374098600804
-0.132775009778925	-0.0338191621487074
-0.178483623256305	0.239513807350094
0.269668325457588	0.113501589491876
0.0472741115820929	-0.246301941641726
0.162799623586518	0.257953463254344
-0.104668570152191	0.0479294433021582
0.304973710311729	0.237351866352529
-0.321740507756490	-0.156613397358395
0.0804967701089584	-0.360315615048703
0.123425953313359	-0.380538047125940
-0.269056366753079	0.234822238916371
0.176438974376201	-0.244363180306514
0.308394355726247	0.00134832762266428
0.208281057945637	-0.256843700140357
0.00150430595956463	-0.254588219972664
0.0520934889357192	-0.225620615258347
-0.107541792183419	-0.202466443477486
-0.197444369434841	0.0485870549945079
-0.134626962665162	-0.146223342525834
0.0889638064685561	-0.177201633262406
-0.0326153316848010	-0.190821337975062
0.274363716843061	-0.138001803773763
0.140783049602444	0.313109621008876
0.0520314189313847	-0.0674963210148493
-0.0593525021072814	-0.244657382642795
-0.0138124444081780	-0.111420709533508
-0.136355303131225	0.227028987704778
0.403114884467633	-0.0238723159838418
-0.249214025632004	0.00655613581082998
-0.0565761899139826	-0.214544239235895
-0.349759252269802	0.359669166643342
0.251224065845239	-0.239051582326818
0.216321358252096	-0.119426176184275
-0.221000864614573	-0.400305026504212
-0.0140903918469731	-0.0383124349148297
0.120731025375175	-0.0994621752030244
-0.0691927004653253	0.345061221689419
-0.374133355367544	-0.216276144036609
0.156874785899974	-0.226496985281210
0.166030856231858	-0.236161948057517
0.136282678045303	-0.261906008625676
0.131514468372551	0.298412725986581
-0.168450362684048	0.311184169008312
0.152172984573148	0.315253886188769
0.300489329506753	0.336669450556040
0.234403401891897	-0.166290125173516
0.196040709414364	0.129678446938967
-0.0194772634895741	-0.120520946204109
0.190726942859529	0.178650915546451
-0.201897553364859	0.288307654320704
-0.303985446573142	0.202726313760416
0.244747222011657	0.0532582864800728
-0.0233341339967418	-0.254056570157169
-0.192902062874689	0.230689236308083
-0.121514228531013	-0.0741209109782973
-0.0794039548431689	-0.314723573579486
0.0342364466548530	-0.247984983565747
0.226748267443780	0.0519271836314226
-0.163067880788116	-0.250655793328364
-0.0886406531127735	-0.248256391300467
-0.219666152911911	-0.0628247738166952
0.0180631553009122	0.402621353136225
0.184403578001769	-0.0937656203681393
0.235365849830957	0.237209328179158
-0.291975394875293	-0.0257803670324561
-0.181834004284194	-0.157557151087420
-0.0985341731114393	-0.128454055795455
0.00424052358118472	-0.168091844457707
-0.156729882087113	0.0367687906216229
-0.104685226410192	-0.264687010300452
-0.0703182044942421	-0.248773813859863
0.175395188659275	-0.151643680355169
0.195907712125863	-0.164201182624146
0.143658074305751	0.0593246038646796
-0.158240833419112	-0.0126298950609822
-0.422182019235247	0.405012942445863
0.295704311837615	-0.0410205772850040
-0.347678064876781	0.0821165000169677
0.00848647314038469	-0.297834891070195
-0.259249090144193	-0.346653151389419
0.0262879232444279	-0.295240635103781
0.267871851754076	-0.232610841493073
-0.0175492501459686	-0.0110214627617538
-0.227216667175444	-0.0625578786798346
-0.0610770715694865	0.140929796381294
-0.225881831881766	0.0866429296731431
0.318258503926302	-0.180353272552407
0.212414768705998	0.208960345000420
0.0942403952732532	0.320353353232127
-0.183447708453260	0.129554732392443
0.0387505650793426	-0.0698143272563605
0.230543820923301	0.371480998982503
-0.321200329309539	0.0872574756323174
0.186766252503484	0.281703962061014
-0.0294038440062601	-0.195476268131089
-0.340516217837576	0.397853817928523
-0.283302240008176	-0.230043321595611
0.328358014872190	-0.305410980278389
-0.0326730905741257	-0.160294233643534
0.380890732325966	-0.147447765767004
-0.0448244855804749	-0.215709238730490
0.0341939683479313	-0.211617727889887
-0.228992429438375	-0.0973293231709104
0.249286815261588	0.248324416248864
-0.207929485298078	0.229647250729628
-0.193724518723886	-0.0749656608446749
0.0607965719786151	-0.104938229406026
0.339051936237420	-0.249569990309935
-0.0528606330008464	0.231274521821506
-0.000159779531243792	-0.282929039991255
0.147402518235602	-0.251781632598348
0.0568352982925888	0.319311158544813
-0.0107234146857693	0.235264815797655
-0.0167556667427279	0.239193660989577
-0.120847185205182	-0.227132107454473
0.102282455455775	-0.278597693928453
-0.369153793951796	-0.235470854861140
0.0515101900751949	0.109876883102826
0.300518895299920	0.327966105252243
-0.102692791514495	-0.0296388886660529
-0.139364631607620	-0.176936363138423
0.0499350333107810	-0.304623168388523
0.101682044743376	-0.205151525498945
0.0732803491162525	0.222322936710396
0.286052519987812	-0.238422123247491
-0.100861171404532	0.121381987063095
-0.0494045620945205	0.0872727351483562
-0.125411929446859	-0.225446119343313
-0.168264991656302	-0.0737401562076095
-0.0580080357703413	0.164271089615600
0.397879376016537	0.232237527266696
-0.163613041727421	0.140895512333383
0.0627274597195467	0.00427269182144741
-0.180572938557421	-0.127936855024359
-0.151066685606273	0.0599606260064107
0.187281864142564	0.0392130130869824
-0.194417715944610	-0.110292514591718
-0.0671008951428966	-0.181135100052792
-0.139619603412109	0.0158855005741103
0.345297120664780	-0.315002437127661
-0.358028340406612	0.306509580976924
0.0861058672461030	0.133379834418700
-0.229341390793342	0.366332884797439
0.139437829848056	0.0179406126862860
-0.328275214124200	-0.171440259207454
0.236110794927559	-0.140887507073015
-0.0683599484183220	-0.143264269701752
0.227535688018586	-0.0922639313427182
-0.115358443420642	0.267809712342910
-0.358066444373976	-0.260234912183491
0.0469434434822354	0.210217740811417
-0.292862653526820	-0.146765561222081
0.0995869585669998	0.384313414065149
0.0908947054754041	-0.0234649159592730
0.190396356888888	0.326302983816913
0.0245701181462394	-0.243114559652219
-0.0170011901089806	0.0522217175505897
-0.104833527357291	-0.279594409475271
-0.122774515921772	-0.116691290972885
0.279625538565328	-0.0128543336275892
-0.243189867590047	-0.274888909458226
-0.295804545952872	0.0880460876326717
0.0421343280372776	-0.000409393160728739
0.119030108612563	0.174658861051312
-0.128502525173339	-0.325865684636383
0.131429769556573	-0.108185156752051
-0.0750595903174162	-0.180874600250875
0.202311139470886	-0.00694749123543283
0.0868892089049631	-0.0176007475827438
-0.137688705234135	0.320046527499801
-0.283779462049564	0.0198649771080210
0.0943978380570063	0.297036058707499
0.279166295987382	0.177426821437541
0.288194163156693	-0.292821220049161
-0.0316829163332089	-0.209509747367917
0.299266730220970	-0.152896051727470
0.0336211500930179	0.0201764864016176
0.343376806455648	-0.301823850662795
-0.474317728811424	0.101533010368771
-0.0333511266807080	0.0858206902615555
0.0599022449064509	-0.0854518387762983
0.171737059892879	-0.135340621801658
0.268268892509661	0.223729755071994
0.333383725973746	-0.118387867068224
0.309071584466828	0.110680004214528
0.0985520996112879	-0.112855235960507
-0.219674966114311	0.194512091722546
-0.296174266509709	-0.255488561961954
0.368045378011273	-0.132581775979721
-0.218590317361771	6.83874250056353e-05
0.0502933777433213	-0.282846339108407
0.184012863724502	0.321146357640709
0.0316264558819507	-0.0778888709946092
-0.0228753389185586	0.372799135334053
0.191181649845377	0.126269979665422
-0.127746407684220	-0.0206496453412846
-0.0196287978638081	-0.176415973049704
0.226160160880939	-0.198803796123074
0.0737284545213019	0.0806170129425581
0.355156185941141	-0.248893131964582
0.382845017320018	-0.0856035101395778
0.331685447128431	0.106526530353660
0.0485760003375025	0.135906987708800
-0.311259326633215	-0.0331720248305367
-0.118663409592193	-0.144465256199354
0.207160186351587	-0.241740308193906
-0.184571306597106	0.00895758349797476
0.243869407642905	0.0388152671652359
0.106531335765315	0.208198415213386
-0.229033888417471	0.0640906760239535
0.309955435887799	0.00356285843477819
-0.156780599695449	0.0249264572667606
0.0219165240436248	-0.0228157365646734
-0.298520268092874	-0.144715543143969
0.0439921133488084	0.191186775784605
-0.0460969384915483	-0.0223566713481719
-0.303101795639311	0.141181622983553
0.283886237941633	0.0604004631994513
0.252677706560274	-0.299364633091256
0.140052910221331	-0.209671453868837
-0.103363042895723	-0.0930910342070330
-0.251470022333442	-0.261005195080946
-0.347380534253048	0.175423100598117
0.155645005380685	0.262116057165471
0.0246669645851950	0.239236598715139
-0.0110185895420962	-0.239726273500213
0.0424945436900029	0.135618142742405
0.289083408581239	-0.342049453636810
0.201473034213238	-0.124359986219375
-0.249962129633203	-0.0559045255239814
0.00302640842545308	-0.361710781119235
-0.313553795091654	0.0844222026897968
0.213994376927321	0.00124751526377665
0.209897224577030	-0.0898234043497758
0.241264740619937	-0.308891981075826
0.0997802963283327	0.144858472967053
0.117064256777503	-0.0864363481112480
-0.0685345321263523	0.342776281445810
0.181568925986837	0.203937080144617
-0.137934621078291	-0.0370102322215171
-0.223506830322772	0.0372443467309517
0.217942588221392	0.283469259178959
0.403863232069079	0.355818505230378
0.0795035486330024	0.0184960859922611
-0.305685493725642	0.280834322342674
0.226188355701365	0.182666982703378
0.279017654154672	0.324339554335541
-0.360813073702594	-0.0708033863617249
0.383865242464863	-0.282445390120785
0.229503213992550	0.232840980333147
-0.139311472207934	0.254631235761331
-0.0822181684953293	0.307204818082532
-0.275257916141021	-0.310553924025842
0.451442922066428	-0.293574371845191
-0.300865767371750	0.305445166729242
0.00649166711114034	-0.103755040479620
-0.0409313094844143	0.202699928246726
0.0898302192996744	-0.250211762203255
0.0233976208877679	0.229801078921815
-0.244219607220997	-0.177573551626497
0.000766901082317080	-0.248751297377476
0.00355993146817186	0.0577061523801498
-0.0532543712981321	0.293787914254638
0.0987137432315541	0.309867960022239
-0.248158345573273	0.254701767248507
-0.199547569192684	-0.0576498328320243
-0.118744219486469	0.0551732621208916
-0.251030161433080	0.154240113266749
-0.200339945303869	-0.191505311487618
0.185439912925280	0.306726432374586
-0.178366659809388	-0.0784609800278781
0.0385393407646965	0.195149904363413
-0.242695445855834	-0.195856483133379
0.365152950550986	0.404429149488096
-0.0930316663272187	0.256914396765698
0.0802274179519570	0.191286728453194
0.460865689944549	-0.0902499045393489
0.0224476787102665	-0.275853946140542
-0.307051120764530	0.0718084715930597
-0.162291760439784	0.485692781375808
-0.287606634715983	-0.0478895289635250
0.217203421787763	-0.256027174036700
-0.0677763196387203	0.287285819448275
-0.257750559699378	-0.239236410305494
0.148906277898326	-0.358748191536275